9 10 B
4 12 
11 7
3 1
14 1
1 1 1 1 1 1 1 1 1 1 1 1 1 1 1 1 1
2 0 0 0 0 0 2 0 0 0 0 0 2 0 0 0 2
0 0 0 1 0 0 0 0 0 0 0 0 0 0 0 0 0
2 0 0 0 2 0 0 0 0 0 2 0 0 0 0 0 2
1 0 0 0 0 0 0 0 0 1 0 0 0 0 0 0 0
2 0 0 0 0 0 0 0 0 0 0 0 0 0 0 0 2
0 0 0 0 0 0 0 0 0 0 0 0 0 0 1 0 0
2 0 0 0 0 0 0 2 0 0 0 0 0 0 2 0 2
0 0 0 0 0 0 1 0 0 0 1 0 0 0 0 0 0
2 2 0 0 0 0 0 0 0 0 0 2 0 0 0 0 2
0 1 0 0 0 1 0 0 0 0 0 0 0 0 0 0 0
2 0 0 0 0 2 0 0 2 0 0 0 0 2 0 0 2
0 0 0 0 0 0 0 0 1 0 0 0 0 1 0 0 0
2 0 0 0 0 0 0 0 0 0 0 0 0 0 0 0 2
0 0 0 0 0 0 0 1 1 0 0 0 0 0 0 1 0
2 0 0 0 0 0 0 2 2 2 0 0 0 0 0 0 2
0 0 0 0 0 0 0 1 1 0 0 0 0 0 0 0 0
2 0 0 0 0 0 0 2 2 2 2 0 0 0 0 0 2
0 0 0 0 0 0 0 1 1 0 1 0 0 0 0 0 0
2 0 0 2 0 0 0 0 0 0 0 0 0 0 0 0 2
0 0 1 0 0 0 0 0 0 0 0 0 0 1 0 0 0
2 0 0 0 0 0 0 0 0 0 0 0 0 0 2 0 2
0 0 0 1 0 0 0 0 0 0 0 0 0 0 0 0 0
2 0 0 0 2 0 2 0 0 0 0 0 0 0 0 0 2
1 0 0 0 0 0 1 0 0 0 0 0 0 0 0 1 0
2 0 0 0 0 0 0 0 0 0 0 0 0 0 0 0 2
0 1 0 0 0 0 0 0 0 0 0 1 0 0 0 0 0
2 2 0 0 0 0 0 0 0 0 0 0 2 0 0 0 2
0 0 0 0 0 1 0 0 0 0 0 0 0 0 0 0 0
2 0 0 0 0 0 2 0 0 0 2 0 0 0 0 0 2
0 0 0 0 0 0 0 0 0 1 0 0 0 0 0 0 0
2 0 0 0 2 0 0 0 0 0 0 2 0 0 0 0 2
1 1 1 1 1 1 1 1 1 1 1 1 1 1 1 1 1